0 0
28 1
68 2
83 5
88 1
122 1
196 0
263 3
277 0
372 1
376 2
379 0
386 0
392 1
424 0
444 1
452 5
494 0
539 1
611 0
615 3
626 2
640 1
652 3
674 0
822 0
842 1
857 4
891 5
901 1
925 0
1013 2
1021 2
1051 4
1059 5
1097 4
1179 5
1236 2
1280 4
1306 4
1309 2
1343 0
1358 3
1375 5
1388 0
1415 3
1418 4
1422 4
1459 3
1476 3
1489 3
1513 5
1514 3
1534 3
1578 4
1590 4
1607 2
1614 2
1620 2
1621 0
1660 1
1672 2
1680 5
1692 3
1717 5
1728 5
1731 5
1740 1
1754 3
1807 1
1819 4
1879 0
1913 3
1940 4
2002 4
2012 0
2023 4
2064 1
2067 0
2083 3
2088 5
2102 2
2109 4
2166 2
2208 0
2234 2
2243 4
2287 4
2301 5
2304 2
2351 0
2359 1
2367 5
2370 5
2408 1
2416 5
2448 3
2452 4
2498 3
2514 1
2518 4
2537 4
2568 3
2624 2
2640 5
2657 2
2720 1
2731 3
2779 1
2782 3
2850 0
2885 4
2905 2
2918 1
3007 5
3160 2
3266 3
3268 2
3286 5
3291 5
